00000000000000
00000000000000
00000000000000
00000000000000
00000000000000
00000000000000
00000000000000
33333333333333
33333333333333
33333333333333
33333333333333
33333333333333
33333333333333
33333333333333
33333333333333
33333333333333
33333333333333
33333333333333
33333333333333
33333333333333
33333333333333
33333333333333
44444444444444
44444444444444
44444444444444
44444444444444
44444444444444
44444444444444
44444444444444
44444444444444
44444444444444
44444444444444
44444444444444
44444444444444
44444444444444
44444444444444
00000000000000
00000000000000
00000000000000
00000000000000
00000000000000
00000000000000
00000000000000
00000000000000
00000000000000
00000000000000
00000000000000
00000000000000
00000000000000
00000000000000
00000000000000
00000000000000
00000000000000
00000000000000
00000000000000
00000000000000
00000000000000
00000000000000
00000000000000
00000000000000
00000000000000
00000000000000
00000000000000
